{
 "cells": [
  {
   "cell_type": "markdown",
   "id": "a7dc8c3a-ed16-4d17-b0cd-5cca13f5f9a9",
   "metadata": {},
   "source": [
    "## Challenge: create a 5×5 matrix, compute its transpose, multiply it by itself, find the max value in each row — using only NumPy, no loops."
   ]
  },
  {
   "cell_type": "code",
   "execution_count": 2,
   "id": "4f13f062-0c9d-4127-bd1f-a985f45a3ceb",
   "metadata": {},
   "outputs": [],
   "source": [
    "import numpy as np"
   ]
  },
  {
   "cell_type": "code",
   "execution_count": 4,
   "id": "d6cb5c7f-672d-4a16-a9cc-28bd519bc307",
   "metadata": {},
   "outputs": [
    {
     "name": "stdout",
     "output_type": "stream",
     "text": [
      "[[0.12203669 0.81585342 0.05664702 0.07545286 0.23659194]\n",
      " [0.32317194 0.56667668 0.42225865 0.2193051  0.31376959]\n",
      " [0.80235034 0.83687838 0.96342998 0.62307539 0.95045983]\n",
      " [0.45741435 0.91905557 0.4363313  0.49135403 0.46480743]\n",
      " [0.42311946 0.3363612  0.98208798 0.94181014 0.60348048]]\n"
     ]
    }
   ],
   "source": [
    "array = np.random.random((5,5))\n",
    "print(array)"
   ]
  },
  {
   "cell_type": "code",
   "execution_count": 5,
   "id": "f4d79a1c-42f5-44f3-bdf1-9ab4df80e8c5",
   "metadata": {},
   "outputs": [
    {
     "name": "stdout",
     "output_type": "stream",
     "text": [
      "[[0.12203669 0.32317194 0.80235034 0.45741435 0.42311946]\n",
      " [0.81585342 0.56667668 0.83687838 0.91905557 0.3363612 ]\n",
      " [0.05664702 0.42225865 0.96342998 0.4363313  0.98208798]\n",
      " [0.07545286 0.2193051  0.62307539 0.49135403 0.94181014]\n",
      " [0.23659194 0.31376959 0.95045983 0.46480743 0.60348048]]\n"
     ]
    }
   ],
   "source": [
    "print(array.T)"
   ]
  },
  {
   "cell_type": "code",
   "execution_count": 6,
   "id": "81c44177-47b8-4340-933b-857c27863a6e",
   "metadata": {},
   "outputs": [
    {
     "name": "stdout",
     "output_type": "stream",
     "text": [
      "[[0.01489295 0.6656168  0.00320889 0.00569313 0.05597574]\n",
      " [0.1044401  0.32112246 0.17830237 0.04809473 0.09845136]\n",
      " [0.64376607 0.70036542 0.92819732 0.38822294 0.90337388]\n",
      " [0.20922788 0.84466314 0.19038501 0.24142878 0.21604595]\n",
      " [0.17903008 0.11313886 0.96449681 0.88700634 0.36418869]]\n"
     ]
    }
   ],
   "source": [
    "print(array*array)"
   ]
  },
  {
   "cell_type": "code",
   "execution_count": 9,
   "id": "13c22aa4-4beb-4f3f-90b1-be4fa9ab2f81",
   "metadata": {},
   "outputs": [
    {
     "name": "stdout",
     "output_type": "stream",
     "text": [
      "[0.81585342 0.56667668 0.96342998 0.91905557 0.98208798]\n"
     ]
    }
   ],
   "source": [
    "print(array.max(axis = 1))"
   ]
  },
  {
   "cell_type": "code",
   "execution_count": null,
   "id": "af77397f-d97e-4511-85dc-c38a8a632114",
   "metadata": {},
   "outputs": [],
   "source": []
  }
 ],
 "metadata": {
  "kernelspec": {
   "display_name": "Python 3 (ipykernel)",
   "language": "python",
   "name": "python3"
  },
  "language_info": {
   "codemirror_mode": {
    "name": "ipython",
    "version": 3
   },
   "file_extension": ".py",
   "mimetype": "text/x-python",
   "name": "python",
   "nbconvert_exporter": "python",
   "pygments_lexer": "ipython3",
   "version": "3.14.2"
  }
 },
 "nbformat": 4,
 "nbformat_minor": 5
}
